Table 12. County-Level GHG Emissions Estimates by Customer Class
[TABLE]
| Apache | 0.046 | 0.019 | 0.088 | 0.005 | 0.158 |
| --- | --- | --- | --- | --- | --- |
| Cochise | 0.183 | 0.145 | 0.192 | 0.018 | 0.538 |
| Coconino | 0.163 | 0.202 | 0.096 | 0.016 | 0.476 |
| Gila | 0.103 | 0.064 | 0.398 | 0.020 | 0.585 |
| Graham | 0.050 | 0.030 | 0.112 | 0.007 | 0.198 |
| Greenlee | 0.015 | 0.004 | 0.159 | 0.006 | 0.184 |
| La Paz | 0.041 | 0.012 | 0.046 | 0.003 | 0.103 |
| Maricopa | 9.298 | 7.429 | 2.380 | 0.674 | 19.78 |
| Mohave | 0.395 | 0.222 | 0.243 | 0.030 | 0.890 |
| Navajo | 0.109 | 0.101 | 0.105 | 0.011 | 0.326 |
| Pima | 1.832 | 1.554 | 0.401 | 0.134 | 3.920 |
| Pinal | 0.798 | 0.873 | 0.708 | 0.084 | 2.463 |
| Santa Cruz | 0.069 | 0.066 | 0.021 | 0.005 | 0.161 |
| Yavapai | 0.388 | 0.300 | 0.207 | 0.032 | 0.926 |
| Yuma | 0.377 | 0.180 | 0.105 | 0.023 | 0.685 |
| Total | 13.87 | 11.20 | 5.261 | 1.069 | 31.39 |
[/TABLE]
